2025/05/23 02:00
  #    AR#   WLSG_10   Lng    Lat                  24 Hour Event Rate          Dist 
               (KG)   (deg)  (deg)           M&X    CME    FCME    X     SPE   (deg) 
  1   14095   23.46     73     -6           0.003  -1.000 -1.000 0.002  0.006   73!  
  2   14087    0.0      51     16           0.004  -1.000 -1.000 0.009  0.000   53!  
  3   14089    0.0      26     16           0.000  -1.000 -1.000 0.003  0.000    30  
  4   14090    0.0      16    -12           0.000  -1.000 -1.000 0.001  0.000    20  
  5   14092    0.0     -27    -12           0.000  -1.000 -1.000 0.003  0.000    30  
  6   14093    0.0     -39     -8           0.001  -1.000 -1.000 0.005  0.000    39  
  7   14094    0.0     -38     21           0.010  -1.000 -1.000 0.011  0.000    43  
  8  12105-1   0.0      -4     26           0.000  -1.000 -1.000 0.000  0.000    26  
  9  12107-1   0.0      14     -4           0.003  -1.000 -1.000 0.002  0.000    14  
  10  14097   11.06    -57    -13           0.033  -1.000 -1.000 0.015  0.009   58!  
  11  14096    0.0     -57     6            0.002  -1.000 -1.000 0.002  0.000   57!  
                       Disk Forecast Rates  0.056  -1.000 -1.000 0.053  0.015 
              Multiplicative Uncertainties   1.0x   0.0x   0.0x   1.4x   1.3x 
     Disk All-Clear Forecast Probabilities  94.00% 99.00% 99.00% 94.00% 98.00%
                             Uncertainties  2.70%  1.00%  1.00%  3.60%  1.00% 
