2025/05/28 15:00
  #    AR#   WLSG_10   Lng    Lat                  24 Hour Event Rate          Dist 
               (KG)   (deg)  (deg)           M&X    CME    FCME    X     SPE   (deg) 
  1   14101    6.73    -31     4            0.000  -1.000 -1.000 0.000  0.000    31  
  2   14100   105.96   -41     12           0.070  -1.000 -1.000 0.008  0.013    43  
  3   14096    8.02     16     8            0.000  -1.000 -1.000 0.000  0.001    17  
  4   14102    2.02     5     -20           0.000  -1.000 -1.000 0.000  0.000    20  
  5   14099   56.76    -31    -13           0.048  -1.000 -1.000 0.005  0.009    34  
  6   14092    6.97     42    -12           0.000  -1.000 -1.000 0.000  0.000    43  
  7   14101    6.47    -30     4            0.000  -1.000 -1.000 0.000  0.000    30  
  8   14100   103.95   -41     12           0.066  -1.000 -1.000 0.007  0.013    42  
  9   14096    8.59     16     8            0.000  -1.000 -1.000 0.000  0.001    18  
  10  14102    2.21     6     -20           0.000  -1.000 -1.000 0.000  0.000    20  
  11  14099   58.63    -31    -13           0.050  -1.000 -1.000 0.005  0.009    33  
                       Disk Forecast Rates  0.234  -1.000 -1.000 0.025  0.046 
              Multiplicative Uncertainties   1.1x   0.0x   0.0x   2.0x   2.3x 
     Disk All-Clear Forecast Probabilities  79.00% 99.00% 99.00% 97.00% 95.00%
                             Uncertainties  11.30% 1.00%  1.00%  2.40%  5.00% 
